Year  Wolves  Moose mYear1 mYear2 mYear3 mYear4
 1963      30   457    591    634    604    561
 1964      29   618    457    591    634    604
 1965      28   633    618    457    591    634
 1966      28   586    633    618    457    591
 1967      26   599    586    633    618    457
 1968      29   610    599    586    633    618
 1969      29   540    610    599    586    633
 1970      29   601    540    610    599    586
 1971      30   741    601    540    610    599
 1972      28   880    741    601    540    610
 1973      27   751    880    741    601    540
 1974      24   642    751    880    741    601
 1975      22   761    642    751    880    741
 1976      25   931    761    642    751    880
 1977      26   785    931    761    642    751
 1978      29   733    785    931    761    642
 1979      25   817    733    785    931    761
 1980      23  1300    817    733    785    931
 1981      22  1183   1300    817    733    785
 1982      21  1478   1183   1300    817    733
 1983      22  1733   1478   1183   1300    817
 1984      18  1692   1733   1478   1183   1300
 1985      16  1480   1692   1733   1478   1183
 1986      15  1503   1480   1692   1733   1478
 1987      16  1375   1503   1480   1692   1733
 1988      16  1225   1375   1503   1480   1692
 1989      13   991   1225   1375   1503   1480
 1990      13   878    991   1225   1375   1503
 1991      13  1019    878    991   1225   1375
 1992      14  1105   1019    878    991   1225
 1993      16  1393   1105   1019    878    991
 1994      14  1672   1393   1105   1019    878
 1995      13  1458   1672   1393   1105   1019
 1996      13  1264   1458   1672   1393   1105
 1997      14  1165   1264   1458   1672   1393
 1998      15  1247   1165   1264   1458   1672
 1999      16  1168   1247   1165   1264   1458
 2000      15  1010   1168   1247   1165   1264
 2001      13  1457   1010   1168   1247   1165
 2002      12  1335   1457   1010   1168   1247
 2003      13  1190   1335   1457   1010   1168
 2004      17  1367   1190   1335   1457   1010
 2005      14  1027   1367   1190   1335   1457
 2006      15  1201   1027   1367   1190   1335
 2007      14   939   1201   1027   1367   1190
 2008      13  1105    939   1201   1027   1367
 2009      11  1319   1105    939   1201   1027
 2010      10  1544   1319   1105    939   1201
 2011      12  1350   1544   1319   1105    939
 2012      11  1107   1350   1544   1319   1105
 2013       9  1181   1107   1350   1544   1319
 2014       8  1343   1181   1107   1350   1544
 2015       9  1073   1343   1181   1107   1350
 2016       8  1110   1073   1343   1181   1107
 2017       8  1021   1110   1073   1343   1181
 2018       6  1472   1021   1110   1073   1343
 2019       6  1300   1472   1021   1110   1073
 2020       7  1297   1300   1472   1021   1110
